1,0,2,1,0,1,1,1,1,2,1,4,2,2,1,3,1,2,0,2,1,0,0,0,0,0,20
1,0,2,1,0,1,1,1,1,2,1,4,2,2,1,3,1,2,0,2,1,0,0,0,0,0,3
1,0,2,1,0,1,1,1,1,2,1,4,2,2,1,3,1,2,0,2,1,1,0,0,0,0,6
1,0,2,1,0,1,1,1,1,2,1,4,2,3,1,3,1,2,0,2,1,1,0,0,0,0,0
1,0,2,1,0,1,1,1,1,2,1,4,2,3,1,3,1,2,0,2,1,2,0,0,0,0,6
1,0,2,1,0,1,1,1,1,2,1,4,2,3,1,3,1,2,0,2,1,2,0,0,0,1,0
1,0,2,1,0,1,1,1,1,2,1,4,2,3,1,3,1,2,0,2,1,0,0,0,0,1,6
1,0,2,1,0,1,1,1,1,2,1,4,2,3,1,3,1,2,0,2,1,0,0,0,0,2,3
1,0,2,1,0,1,1,1,1,2,1,4,2,3,1,3,1,2,0,2,1,1,0,0,0,2,6
1,0,2,1,0,1,1,1,1,2,1,4,2,3,1,3,1,2,0,2,1,1,0,0,0,3,0
1,0,2,1,0,1,1,1,1,2,1,4,2,3,1,3,1,2,0,2,1,2,0,0,0,3,6
1,0,2,1,0,1,1,1,1,2,1,4,2,3,1,3,1,2,0,2,1,2,0,0,0,4,0
1,0,2,1,0,1,1,1,1,2,1,4,2,3,1,3,1,2,0,2,1,0,0,0,0,4,6
1,0,2,1,0,1,1,1,1,2,1,4,2,3,1,3,1,2,0,2,1,0,0,0,0,5,3
1,0,2,1,0,1,1,1,1,2,1,4,2,3,1,3,1,2,0,2,1,1,0,0,0,5,6
1,0,2,1,0,1,1,1,1,2,1,4,2,3,1,3,1,2,0,2,1,1,0,0,0,6,0
1,0,2,1,0,1,1,1,1,2,1,4,2,3,1,3,1,2,0,2,1,2,0,0,0,6,6
1,0,2,1,0,1,1,1,1,2,1,4,2,3,1,3,1,2,0,2,1,2,0,0,0,7,0
1,0,2,1,0,1,1,1,1,2,1,4,2,3,1,3,1,2,0,2,1,0,0,0,0,7,6
1,0,2,1,0,1,1,1,1,2,1,4,2,3,1,3,1,2,0,2,1,0,0,0,0,8,3
1,0,2,1,0,1,1,1,1,2,1,4,2,3,1,3,1,2,0,2,1,1,0,0,0,8,6
1,0,2,1,0,1,1,1,1,2,1,4,2,3,1,3,1,2,0,2,1,1,0,0,0,9,0
1,0,2,1,0,1,1,1,1,2,1,4,2,3,1,3,1,2,0,2,1,2,0,0,0,9,6
1,0,2,1,0,1,1,1,1,2,1,4,2,3,1,3,1,2,0,2,1,2,0,0,0,10,0
1,0,2,1,0,1,1,1,1,2,1,4,2,3,1,3,1,2,0,2,1,0,0,1,0,10,16
1,0,2,1,0,1,1,1,1,2,1,4,2,3,1,3,1,2,0,2,1,0,0,1,0,11,3
1,0,2,1,0,1,1,1,1,2,1,4,2,3,1,3,1,2,0,2,1,1,0,1,0,11,6
1,0,2,1,0,1,1,1,1,2,1,4,2,3,1,3,1,2,0,2,1,1,0,1,0,12,0
1,0,2,1,0,1,1,1,1,2,1,4,2,3,1,3,1,2,0,2,1,2,0,1,0,12,6
1,0,2,1,0,1,1,1,1,2,1,4,2,3,1,3,1,2,0,2,1,2,0,1,0,13,0
1,0,2,1,0,1,1,1,1,2,1,4,2,3,1,3,1,2,0,2,1,0,0,1,0,13,6
1,0,2,1,0,1,1,1,1,2,1,4,2,3,1,3,1,2,0,2,1,0,0,1,0,14,3
1,0,2,1,0,1,1,1,1,2,1,4,2,3,1,3,1,2,0,2,1,1,0,1,0,14,6
1,0,2,1,0,1,1,1,1,2,1,4,2,3,1,3,1,2,0,2,1,1,0,1,0,15,0
1,0,2,1,0,1,1,1,1,2,1,4,2,3,1,3,1,2,0,2,1,2,0,1,0,15,6
1,0,2,1,0,1,1,1,1,2,1,4,2,3,1,3,2,2,0,2,1,2,0,1,0,16,0
1,0,2,1,0,1,1,1,1,3,1,4,2,3,1,3,2,2,0,2,1,3,0,1,0,16,6
1,0,2,1,0,1,1,2,1,3,1,4,2,3,1,3,2,2,0,2,1,3,0,1,0,17,0
1,0,2,1,0,1,1,2,1,3,1,4,2,3,1,3,2,2,0,2,1,0,0,1,0,17,6
1,0,2,1,0,1,1,2,1,3,1,4,2,3,1,3,2,2,0,2,1,0,0,1,0,18,3
1,0,2,1,0,1,1,2,1,3,1,4,2,3,1,3,2,2,0,2,1,4,0,1,0,18,6
1,0,2,1,0,1,1,1,1,3,1,4,2,3,1,3,2,2,0,2,1,4,0,1,0,19,0
1,0,2,1,0,1,1,1,1,3,1,4,2,3,1,3,2,2,0,2,1,3,0,1,0,19,6
1,0,2,1,0,1,1,1,1,3,1,4,2,3,0,3,2,2,1,2,1,3,0,1,0,20,0
1,0,2,1,0,1,1,1,1,3,1,4,2,3,0,3,2,2,1,2,1,4,0,1,0,20,6
1,0,2,1,0,1,1,1,1,3,1,4,2,3,0,3,2,2,1,2,1,4,0,1,0,21,0
1,0,2,1,0,1,1,1,1,3,1,4,2,3,0,3,2,2,1,2,1,0,0,1,0,21,6
1,0,2,1,0,1,1,1,1,3,1,4,2,3,0,3,2,2,1,2,1,0,0,1,0,22,3
1,0,2,1,0,1,1,1,1,3,1,4,2,3,0,3,2,2,1,2,1,1,0,1,0,22,6
1,0,2,1,0,1,1,1,1,3,1,4,2,3,1,3,2,2,1,2,1,1,0,1,0,23,0
1,0,2,1,0,1,1,1,1,3,1,4,2,3,1,3,2,2,1,2,1,4,0,1,0,23,6
1,0,2,1,0,1,1,1,1,2,1,4,2,2,1,3,1,2,0,2,1,4,0,1,1,0,20
1,0,2,1,0,1,1,1,1,2,1,4,2,2,1,3,1,2,0,2,1,4,0,1,1,0,0
1,0,2,1,0,1,1,1,1,2,1,4,2,2,1,3,1,2,0,1,1,3,0,1,1,0,6
1,0,2,1,0,1,1,1,1,2,1,4,2,2,1,3,1,2,0,1,1,3,0,1,1,0,0
1,0,2,1,0,1,1,1,1,2,1,4,2,2,1,3,1,2,1,1,1,2,0,1,1,0,6
1,0,2,1,0,1,1,1,1,2,1,4,2,2,1,3,1,2,1,1,1,2,0,1,1,1,0
1,0,2,1,0,1,1,1,1,2,1,4,2,2,1,3,1,2,1,1,1,1,0,1,1,1,6
1,0,2,1,0,1,1,1,1,2,1,4,2,3,1,3,0,2,1,1,1,1,0,1,1,2,0
1,0,2,1,0,1,1,1,1,2,1,4,2,3,1,3,0,2,1,1,1,2,0,1,1,2,6
1,0,2,1,0,1,1,1,1,2,1,4,2,3,1,3,1,2,0,1,1,2,0,1,1,3,3
1,0,2,1,0,1,1,1,1,2,1,4,2,3,1,3,1,2,0,1,1,0,0,1,1,3,6
1,0,2,1,0,1,1,1,1,2,1,4,2,3,1,3,1,2,0,1,1,0,0,1,1,4,3
1,0,2,1,0,1,1,1,1,2,1,4,2,3,1,3,1,2,0,1,1,1,0,1,1,4,6
1,0,2,1,0,1,1,1,1,2,1,4,2,3,1,3,0,2,0,1,1,1,0,1,1,5,0
1,0,2,1,0,1,1,1,1,2,1,4,2,3,1,3,0,2,0,1,1,2,0,1,1,5,6
1,0,2,1,0,1,1,1,1,2,1,4,2,3,1,3,1,2,0,1,1,2,0,1,1,6,0
1,0,2,1,0,1,1,1,1,3,1,4,2,3,1,3,1,2,0,1,1,3,0,1,1,6,6
1,0,2,1,0,1,1,2,1,3,1,4,2,3,1,3,1,2,0,1,1,3,0,1,1,7,0
1,0,2,1,0,1,1,2,1,3,1,4,2,3,1,3,1,2,1,1,1,2,0,1,1,7,6
1,0,2,1,0,1,1,1,1,3,1,4,2,3,1,3,1,2,1,1,1,2,0,1,1,8,0
1,0,2,1,0,1,1,1,1,3,1,4,2,2,0,3,1,2,1,1,1,1,0,1,1,8,6
1,0,2,1,0,1,1,1,1,3,1,4,2,2,0,3,1,2,1,1,1,1,0,1,1,9,0
1,0,2,1,0,1,1,1,1,3,1,4,2,2,0,3,1,2,1,1,1,0,0,1,1,9,6
1,0,2,1,0,1,1,1,1,3,1,4,2,2,0,3,1,2,1,1,1,0,0,1,1,10,3
1,0,2,1,0,1,1,1,1,3,1,4,2,2,0,3,1,2,1,1,1,1,0,1,1,10,6
1,0,2,1,0,1,1,1,1,3,1,4,2,2,0,3,1,2,1,1,1,1,0,1,1,11,0
1,0,2,1,0,1,1,1,1,3,1,4,2,2,0,3,1,2,1,1,1,0,0,1,1,11,6
1,0,2,1,0,1,1,1,1,3,1,4,2,2,0,3,1,2,1,1,1,0,0,1,1,12,3
1,0,2,1,0,1,1,1,1,3,1,4,2,2,0,3,1,2,1,1,1,1,0,1,1,12,6
1,0,2,1,0,1,1,1,1,3,1,4,2,2,0,3,1,2,1,1,1,1,0,1,1,13,0
1,0,2,1,0,1,1,1,1,3,1,4,2,2,0,3,1,2,1,1,1,0,0,1,1,13,6
1,0,2,1,0,1,1,1,1,3,1,4,2,2,0,3,1,2,1,1,1,0,0,1,1,14,3
1,0,2,1,0,1,1,1,1,3,1,4,2,2,0,3,1,2,1,1,1,1,0,1,1,14,6
1,0,2,1,0,1,1,1,1,3,1,4,2,2,0,3,1,2,1,1,1,1,0,1,1,15,0
1,0,2,1,0,1,1,1,1,3,1,4,2,2,0,3,1,2,1,1,1,0,0,1,1,15,6
1,0,2,1,0,1,1,1,1,3,1,4,2,2,0,3,1,2,1,1,1,0,0,1,1,16,3
1,0,2,1,0,1,1,1,1,3,1,4,2,2,0,3,1,2,1,1,1,1,0,1,1,16,6
1,0,2,1,0,1,1,1,1,3,1,4,2,2,0,3,1,2,1,1,1,1,0,1,1,17,0
1,0,2,1,0,1,1,1,1,3,1,4,2,2,0,3,1,2,1,1,1,0,0,1,1,17,6
1,0,2,1,0,1,1,1,1,3,1,4,2,2,0,3,1,2,1,1,1,0,0,1,1,18,3
1,0,2,1,0,1,1,1,1,3,1,4,2,2,0,3,1,2,1,1,1,1,0,1,1,18,6
1,0,2,1,0,1,1,1,1,3,1,4,2,2,0,3,1,2,1,1,1,1,0,1,1,19,0
1,0,2,1,0,1,1,1,1,3,1,4,2,2,0,3,1,2,1,1,1,0,0,1,1,19,6
1,0,2,1,0,1,1,1,1,3,1,4,2,2,0,3,1,2,1,1,1,0,0,1,1,20,3
1,0,2,1,0,1,1,1,1,3,1,4,2,2,0,3,1,2,1,1,1,1,0,1,1,20,6
1,0,2,1,0,1,1,1,1,3,1,4,2,2,0,3,1,2,1,1,1,1,0,1,1,21,0
1,0,2,1,0,1,1,1,1,3,1,4,2,2,0,3,1,2,1,1,1,0,0,1,1,21,6
1,0,2,1,0,1,1,1,1,3,1,4,2,2,0,3,1,2,1,1,1,0,0,1,1,22,3
1,0,2,1,0,1,1,1,1,3,1,4,2,2,0,3,1,2,1,1,1,1,0,1,1,22,6
1,0,2,1,0,1,1,1,1,3,1,4,2,2,0,3,1,2,1,1,1,1,0,1,1,23,0
1,0,2,1,0,1,1,1,1,3,1,4,2,2,0,3,1,2,1,1,1,0,0,1,1,23,6
,0
